-7.889886856079101562e+00 6.636524572968482971e-03 1.573074981570243835e-02 6.636524572968482971e-03 -7.898304462432861328e+00 -4.297416657209396362e-03 1.573074981570243835e-02 -4.297416657209396362e-03 -7.902277469635009766e+00
1.813482761383056641e+00 -3.708913922309875488e-02 6.842588186264038086e-01 -3.708913922309875488e-02 2.042742013931274414e+00 4.996863752603530884e-02 6.842588186264038086e-01 4.996863752603530884e-02 2.176491737365722656e+00
2.638530969619750977e+00 -4.793181270360946655e-02 8.667015433311462402e-01 -4.793181270360946655e-02 2.884209632873535156e+00 6.024025008082389832e-02 8.667015433311462402e-01 6.024025008082389832e-02 3.180029869079589844e+00
4.617502689361572266e+00 1.855717971920967102e-02 1.354493498802185059e+00 1.855717971920967102e-02 5.035518646240234375e+00 1.159547865390777588e-01 1.354493498802185059e+00 1.159547865390777588e-01 5.777803897857666016e+00
7.058594226837158203e+00 1.892735362052917480e-01 1.903692245483398438e+00 1.892735362052917480e-01 7.579329967498779297e+00 2.252953499555587769e-01 1.903692245483398438e+00 2.252953499555587769e-01 8.986556053161621094e+00
1.321775436401367188e+01 4.606982767581939697e-01 2.454987764358520508e+00 4.606982767581939697e-01 1.309115505218505859e+01 4.356830716133117676e-01 2.454987764358520508e+00 4.356830716133117676e-01 1.588988685607910156e+01
1.401426029205322266e+01 1.986758708953857422e-01 2.249584674835205078e+00 1.986758708953857422e-01 1.353147983551025391e+01 2.153604626655578613e-01 2.249584674835205078e+00 2.153604626655578613e-01 1.551175594329833984e+01
1.399776935577392578e+01 -3.688670098781585693e-01 1.949925661087036133e+00 -3.688670098781585693e-01 1.340526199340820312e+01 -1.179923638701438904e-01 1.949925661087036133e+00 -1.179923638701438904e-01 1.394792747497558594e+01
1.385038566589355469e+01 -5.346323251724243164e-01 1.865773320198059082e+00 -5.346323251724243164e-01 1.329080677032470703e+01 -2.556600570678710938e-01 1.865773320198059082e+00 -2.556600570678710938e-01 1.331166553497314453e+01
1.332561969757080078e+01 -1.162207603454589844e+00 1.650488257408142090e+00 -1.162207603454589844e+00 1.293701267242431641e+01 -6.520172357559204102e-01 1.650488257408142090e+00 -6.520172357559204102e-01 1.142285919189453125e+01
1.307285881042480469e+01 -1.378997921943664551e+00 1.555865287780761719e+00 -1.378997921943664551e+00 1.282840824127197266e+01 -7.774975299835205078e-01 1.555865287780761719e+00 -7.774975299835205078e-01 1.078633117675781250e+01
1.294092655181884766e+01 -1.496991038322448730e+00 1.516321301460266113e+00 -1.496991038322448730e+00 1.274784183502197266e+01 -8.449236154556274414e-01 1.516321301460266113e+00 -8.449236154556274414e-01 1.050369548797607422e+01
1.219579124450683594e+01 -2.231603860855102539e+00 1.392319679260253906e+00 -2.231603860855102539e+00 1.257347583770751953e+01 -1.190515041351318359e+00 1.392319679260253906e+00 -1.190515041351318359e+00 9.036028861999511719e+00
1.109764671325683594e+01 -3.224843263626098633e+00 1.161490559577941895e+00 -3.224843263626098633e+00 1.255128860473632812e+01 -1.303944587707519531e+00 1.161490559577941895e+00 -1.303944587707519531e+00 7.530421733856201172e+00
1.052259254455566406e+01 -3.696592330932617188e+00 1.030191540718078613e+00 -3.696592330932617188e+00 1.264622020721435547e+01 -1.217052698135375977e+00 1.030191540718078613e+00 -1.217052698135375977e+00 7.141176700592041016e+00
9.194008827209472656e+00 -4.766636371612548828e+00 9.209751486778259277e-01 -4.766636371612548828e+00 1.273051261901855469e+01 -5.740036964416503906e-01 9.209751486778259277e-01 -5.740036964416503906e-01 6.719586372375488281e+00
7.317616939544677734e+00 -4.864381790161132812e+00 8.539993166923522949e-01 -4.864381790161132812e+00 1.240041542053222656e+01 9.646075963973999023e-01 8.539993166923522949e-01 9.646075963973999023e-01 7.689434528350830078e+00
7.188878059387207031e+00 -4.710566997528076172e+00 8.343083262443542480e-01 -4.710566997528076172e+00 1.232659626007080078e+01 1.053158402442932129e+00 8.343083262443542480e-01 1.053158402442932129e+00 7.889648914337158203e+00
6.725147247314453125e+00 -3.767706871032714844e+00 7.163656949996948242e-01 -3.767706871032714844e+00 1.212195777893066406e+01 1.095447182655334473e+00 7.163656949996948242e-01 1.095447182655334473e+00 8.920238494873046875e+00
6.465425968170166016e+00 -2.769779205322265625e+00 6.356521248817443848e-01 -2.769779205322265625e+00 1.213623428344726562e+01 8.848915100097656250e-01 6.356521248817443848e-01 8.848915100097656250e-01 9.652924537658691406e+00
6.404393196105957031e+00 -2.399234771728515625e+00 6.126860380172729492e-01 -2.399234771728515625e+00 1.213655567169189453e+01 7.719367742538452148e-01 6.126860380172729492e-01 7.719367742538452148e-01 9.860520362854003906e+00
6.349685192108154297e+00 -2.017984390258789062e+00 6.018984317779541016e-01 -2.017984390258789062e+00 1.216187667846679688e+01 6.718329191207885742e-01 6.018984317779541016e-01 6.718329191207885742e-01 1.004734039306640625e+01
6.356412887573242188e+00 -1.428734064102172852e+00 5.948074460029602051e-01 -1.428734064102172852e+00 1.229796028137207031e+01 4.467034041881561279e-01 5.948074460029602051e-01 4.467034041881561279e-01 1.033690261840820312e+01
6.275707244873046875e+00 -1.034208178520202637e+00 6.032121777534484863e-01 -1.034208178520202637e+00 1.227964687347412109e+01 2.871787846088409424e-01 6.032121777534484863e-01 2.871787846088409424e-01 1.045878314971923828e+01
6.320861816406250000e+00 -8.415147662162780762e-01 6.393055915832519531e-01 -8.415147662162780762e-01 1.231136512756347656e+01 2.235524505376815796e-01 6.393055915832519531e-01 2.235524505376815796e-01 1.050579929351806641e+01
6.334214687347412109e+00 -6.490823030471801758e-01 6.713407039642333984e-01 -6.490823030471801758e-01 1.233886718750000000e+01 1.357339620590209961e-01 6.713407039642333984e-01 1.357339620590209961e-01 1.057041740417480469e+01
6.352924346923828125e+00 -4.475775957107543945e-01 6.708422303199768066e-01 -4.475775957107543945e-01 1.238807296752929688e+01 4.350345954298973083e-02 6.708422303199768066e-01 4.350345954298973083e-02 1.065038871765136719e+01
6.344759941101074219e+00 -2.580886185169219971e-01 6.871031522750854492e-01 -2.580886185169219971e-01 1.243982887268066406e+01 -5.304235592484474182e-02 6.871031522750854492e-01 -5.304235592484474182e-02 1.071425056457519531e+01
6.331908226013183594e+00 1.307983875274658203e+00 1.132165551185607910e+00 1.307983875274658203e+00 1.271137714385986328e+01 -1.177737951278686523e+00 1.132165551185607910e+00 -1.177737951278686523e+00 1.110809040069580078e+01
6.503473281860351562e+00 1.768919825553894043e+00 1.555842399597167969e+00 1.768919825553894043e+00 1.265896987915039062e+01 -1.903249144554138184e+00 1.555842399597167969e+00 -1.903249144554138184e+00 1.141277599334716797e+01
6.674585342407226562e+00 1.766925096511840820e+00 1.816295623779296875e+00 1.766925096511840820e+00 1.258755302429199219e+01 -2.445580959320068359e+00 1.816295623779296875e+00 -2.445580959320068359e+00 1.154958724975585938e+01
6.713137626647949219e+00 1.724316120147705078e+00 1.963413000106811523e+00 1.724316120147705078e+00 1.257079315185546875e+01 -2.605792284011840820e+00 1.963413000106811523e+00 -2.605792284011840820e+00 1.170544910430908203e+01
7.804967880249023438e+00 -1.255675852298736572e-01 2.799768447875976562e+00 -1.255675852298736572e-01 1.145067501068115234e+01 -4.180528163909912109e+00 2.799768447875976562e+00 -4.180528163909912109e+00 1.238575077056884766e+01
9.518174171447753906e+00 -4.403877556324005127e-01 3.103550434112548828e+00 -4.403877556324005127e-01 1.081797695159912109e+01 -4.245645999908447266e+00 3.103550434112548828e+00 -4.245645999908447266e+00 1.209648799896240234e+01
9.632434844970703125e+00 -4.310411512851715088e-01 3.137941360473632812e+00 -4.310411512851715088e-01 1.077673435211181641e+01 -4.241956710815429688e+00 3.137941360473632812e+00 -4.241956710815429688e+00 1.203116416931152344e+01
1.068369770050048828e+01 -6.219998374581336975e-02 3.337058782577514648e+00 -6.219998374581336975e-02 1.060605525970458984e+01 -3.988738775253295898e+00 3.337058782577514648e+00 -3.988738775253295898e+00 1.150254821777343750e+01
1.092024230957031250e+01 7.171867787837982178e-02 3.357281208038330078e+00 7.171867787837982178e-02 1.055318832397460938e+01 -3.895314931869506836e+00 3.357281208038330078e+00 -3.895314931869506836e+00 1.129371070861816406e+01
1.118400859832763672e+01 1.875440776348114014e-01 3.357535362243652344e+00 1.875440776348114014e-01 1.049940299987792969e+01 -3.819298982620239258e+00 3.357535362243652344e+00 -3.819298982620239258e+00 1.110076236724853516e+01
1.161993312835693359e+01 4.915388226509094238e-01 3.372611761093139648e+00 4.915388226509094238e-01 1.050368881225585938e+01 -3.651985883712768555e+00 3.372611761093139648e+00 -3.651985883712768555e+00 1.071900653839111328e+01
1.198809909820556641e+01 7.482352256774902344e-01 3.342746734619140625e+00 7.482352256774902344e-01 1.057626819610595703e+01 -3.525312662124633789e+00 3.342746734619140625e+00 -3.525312662124633789e+00 1.043040561676025391e+01
1.208096599578857422e+01 8.213492035865783691e-01 3.322514295578002930e+00 8.213492035865783691e-01 1.059354782104492188e+01 -3.463098526000976562e+00 3.322514295578002930e+00 -3.463098526000976562e+00 1.031909656524658203e+01
1.228877735137939453e+01 1.081255674362182617e+00 3.254739999771118164e+00 1.081255674362182617e+00 1.067810535430908203e+01 -3.392284870147705078e+00 3.254739999771118164e+00 -3.392284870147705078e+00 1.004210948944091797e+01
1.254558277130126953e+01 1.488934874534606934e+00 3.056392669677734375e+00 1.488934874534606934e+00 1.091605949401855469e+01 -3.285997867584228516e+00 3.056392669677734375e+00 -3.285997867584228516e+00 9.677602767944335938e+00
1.256393146514892578e+01 1.781974077224731445e+00 2.814360618591308594e+00 1.781974077224731445e+00 1.109716892242431641e+01 -3.195052862167358398e+00 2.814360618591308594e+00 -3.195052862167358398e+00 9.301248550415039062e+00
1.256618118286132812e+01 2.150909185409545898e+00 2.522497892379760742e+00 2.150909185409545898e+00 1.144136238098144531e+01 -3.281112194061279297e+00 2.522497892379760742e+00 -3.281112194061279297e+00 9.169082641601562500e+00
1.254017162322998047e+01 2.233463764190673828e+00 2.443129539489746094e+00 2.233463764190673828e+00 1.152645301818847656e+01 -3.288746118545532227e+00 2.443129539489746094e+00 -3.288746118545532227e+00 9.148834228515625000e+00
1.255007266998291016e+01 2.343037366867065430e+00 2.307064294815063477e+00 2.343037366867065430e+00 1.163218212127685547e+01 -3.330006599426269531e+00 2.307064294815063477e+00 -3.330006599426269531e+00 9.125259399414062500e+00
1.249049758911132812e+01 2.533769845962524414e+00 2.126042604446411133e+00 2.533769845962524414e+00 1.185136795043945312e+01 -3.455007076263427734e+00 2.126042604446411133e+00 -3.455007076263427734e+00 9.111090660095214844e+00
1.244664096832275391e+01 2.654888629913330078e+00 1.962915182113647461e+00 2.654888629913330078e+00 1.207879447937011719e+01 -3.588738441467285156e+00 1.962915182113647461e+00 -3.588738441467285156e+00 9.233048439025878906e+00
1.239838314056396484e+01 2.692155122756958008e+00 1.900243520736694336e+00 2.692155122756958008e+00 1.210214138031005859e+01 -3.639976739883422852e+00 1.900243520736694336e+00 -3.639976739883422852e+00 9.270620346069335938e+00
1.224444580078125000e+01 2.908385753631591797e+00 1.624831795692443848e+00 2.908385753631591797e+00 1.237316799163818359e+01 -3.954902887344360352e+00 1.624831795692443848e+00 -3.954902887344360352e+00 9.529498100280761719e+00
1.218509197235107422e+01 3.001738309860229492e+00 1.494138479232788086e+00 3.001738309860229492e+00 1.245652484893798828e+01 -4.093598365783691406e+00 1.494138479232788086e+00 -4.093598365783691406e+00 9.652184486389160156e+00
1.201257896423339844e+01 3.096090078353881836e+00 1.266944646835327148e+00 3.096090078353881836e+00 1.249480056762695312e+01 -4.355610847473144531e+00 1.266944646835327148e+00 -4.355610847473144531e+00 9.992707252502441406e+00
1.146902751922607422e+01 3.036016941070556641e+00 9.592002034187316895e-01 3.036016941070556641e+00 1.207918548583984375e+01 -5.298633098602294922e+00 9.592002034187316895e-01 -5.298633098602294922e+00 1.099825572967529297e+01
1.139500808715820312e+01 2.967980623245239258e+00 9.007219672203063965e-01 2.967980623245239258e+00 1.190813159942626953e+01 -5.627751350402832031e+00 9.007219672203063965e-01 -5.627751350402832031e+00 1.139447212219238281e+01
1.142462635040283203e+01 2.902364969253540039e+00 8.066799044609069824e-01 2.902364969253540039e+00 1.165499401092529297e+01 -5.942914009094238281e+00 8.066799044609069824e-01 -5.942914009094238281e+00 1.164888000488281250e+01
1.149142360687255859e+01 2.648162364959716797e+00 5.119820833206176758e-01 2.648162364959716797e+00 1.114333534240722656e+01 -6.439661502838134766e+00 5.119820833206176758e-01 -6.439661502838134766e+00 1.196370029449462891e+01
1.157341384887695312e+01 2.342543840408325195e+00 -1.661464422941207886e-01 2.342543840408325195e+00 1.092887401580810547e+01 -6.921425819396972656e+00 -1.661464422941207886e-01 -6.921425819396972656e+00 1.199425601959228516e+01
1.172457122802734375e+01 2.046111583709716797e+00 -6.193289756774902344e-01 2.046111583709716797e+00 1.097667407989501953e+01 -6.996041774749755859e+00 -6.193289756774902344e-01 -6.996041774749755859e+00 1.186268234252929688e+01
1.180238819122314453e+01 1.593443393707275391e+00 -1.129722595214843750e+00 1.593443393707275391e+00 1.096820831298828125e+01 -7.000980854034423828e+00 -1.129722595214843750e+00 -7.000980854034423828e+00 1.140742111206054688e+01
1.188862323760986328e+01 9.679663777351379395e-01 -1.400315999984741211e+00 9.679663777351379395e-01 1.098660278320312500e+01 -6.887625694274902344e+00 -1.400315999984741211e+00 -6.887625694274902344e+00 1.087875652313232422e+01
1.187089157104492188e+01 8.697801232337951660e-01 -1.439059019088745117e+00 8.697801232337951660e-01 1.094176483154296875e+01 -6.844380855560302734e+00 -1.439059019088745117e+00 -6.844380855560302734e+00 1.073477363586425781e+01
1.191885948181152344e+01 6.387022137641906738e-01 -1.443612217903137207e+00 6.387022137641906738e-01 1.098895168304443359e+01 -6.778931617736816406e+00 -1.443612217903137207e+00 -6.778931617736816406e+00 1.062731838226318359e+01
1.201484966278076172e+01 2.820980250835418701e-01 -1.334934830665588379e+00 2.820980250835418701e-01 1.093778133392333984e+01 -6.668845653533935547e+00 -1.334934830665588379e+00 -6.668845653533935547e+00 1.040199756622314453e+01
1.194921779632568359e+01 -3.613532781600952148e-01 -9.295390248298645020e-01 -3.613532781600952148e-01 1.079554271697998047e+01 -6.498797416687011719e+00 -9.295390248298645020e-01 -6.498797416687011719e+00 1.000032138824462891e+01
1.198720073699951172e+01 -6.137957572937011719e-01 -6.736250519752502441e-01 -6.137957572937011719e-01 1.073409652709960938e+01 -6.437849044799804688e+00 -6.736250519752502441e-01 -6.437849044799804688e+00 9.893733978271484375e+00
1.199758625030517578e+01 -9.957560300827026367e-01 -2.250024229288101196e-01 -9.957560300827026367e-01 1.066392326354980469e+01 -6.326432228088378906e+00 -2.250024229288101196e-01 -6.326432228088378906e+00 9.753652572631835938e+00
1.195405673980712891e+01 -1.573255300521850586e+00 6.487745642662048340e-01 -1.573255300521850586e+00 1.029037284851074219e+01 -6.169662475585937500e+00 6.487745642662048340e-01 -6.169662475585937500e+00 9.579649925231933594e+00
1.163002681732177734e+01 -2.336987257003784180e+00 1.929223656654357910e+00 -2.336987257003784180e+00 9.676121711730957031e+00 -5.941378116607666016e+00 1.929223656654357910e+00 -5.941378116607666016e+00 9.247189521789550781e+00
1.161049938201904297e+01 -3.209239959716796875e+00 3.322249889373779297e+00 -3.209239959716796875e+00 8.841626167297363281e+00 -5.505152225494384766e+00 3.322249889373779297e+00 -5.505152225494384766e+00 8.828208923339843750e+00
1.172864818572998047e+01 -3.472247838973999023e+00 3.563985347747802734e+00 -3.472247838973999023e+00 8.664230346679687500e+00 -5.318273544311523438e+00 3.563985347747802734e+00 -5.318273544311523438e+00 8.729120254516601562e+00
1.179232501983642578e+01 -3.794776439666748047e+00 3.765930175781250000e+00 -3.794776439666748047e+00 8.433542251586914062e+00 -5.075627326965332031e+00 3.765930175781250000e+00 -5.075627326965332031e+00 8.648204803466796875e+00
1.181710433959960938e+01 -3.853876590728759766e+00 3.777108669281005859e+00 -3.853876590728759766e+00 8.386401176452636719e+00 -5.037260055541992188e+00 3.777108669281005859e+00 -5.037260055541992188e+00 8.632169723510742188e+00
1.194353580474853516e+01 -4.147355079650878906e+00 3.744192123413085938e+00 -4.147355079650878906e+00 8.286817550659179688e+00 -4.753489017486572266e+00 3.744192123413085938e+00 -4.753489017486572266e+00 8.606111526489257812e+00
1.251477432250976562e+01 -4.680042266845703125e+00 3.419996500015258789e+00 -4.680042266845703125e+00 8.678357124328613281e+00 -3.764611959457397461e+00 3.419996500015258789e+00 -3.764611959457397461e+00 8.719205856323242188e+00
1.252867889404296875e+01 -4.709719657897949219e+00 3.398868560791015625e+00 -4.709719657897949219e+00 8.728915214538574219e+00 -3.612706899642944336e+00 3.398868560791015625e+00 -3.612706899642944336e+00 8.752645492553710938e+00
1.230430126190185547e+01 -4.652968883514404297e+00 3.600459575653076172e+00 -4.652968883514404297e+00 9.111846923828125000e+00 -2.779522180557250977e+00 3.600459575653076172e+00 -2.779522180557250977e+00 8.673815727233886719e+00
1.217066192626953125e+01 -4.613151073455810547e+00 3.710755348205566406e+00 -4.613151073455810547e+00 9.096460342407226562e+00 -2.693714857101440430e+00 3.710755348205566406e+00 -2.693714857101440430e+00 8.560769081115722656e+00
1.128067779541015625e+01 -3.145006418228149414e+00 4.567784786224365234e+00 -3.145006418228149414e+00 1.019128513336181641e+01 -1.976114392280578613e+00 4.567784786224365234e+00 -1.976114392280578613e+00 8.049953460693359375e+00
1.123215579986572266e+01 -3.048507213592529297e+00 4.584870338439941406e+00 -3.048507213592529297e+00 1.028558254241943359e+01 -1.958287000656127930e+00 4.584870338439941406e+00 -1.958287000656127930e+00 8.016305923461914062e+00
1.123288345336914062e+01 -2.942555189132690430e+00 4.614147186279296875e+00 -2.942555189132690430e+00 1.039898300170898438e+01 -1.956122994422912598e+00 4.614147186279296875e+00 -1.956122994422912598e+00 8.029969215393066406e+00
1.042735385894775391e+01 -1.413762331008911133e+00 4.740222454071044922e+00 -1.413762331008911133e+00 1.187677192687988281e+01 -1.734209775924682617e+00 4.740222454071044922e+00 -1.734209775924682617e+00 8.214874267578125000e+00
1.042444992065429688e+01 -1.272969722747802734e+00 4.733241081237792969e+00 -1.272969722747802734e+00 1.207685470581054688e+01 -1.699334979057312012e+00 4.733241081237792969e+00 -1.699334979057312012e+00 8.281180381774902344e+00
9.579960823059082031e+00 1.149388477206230164e-01 4.547116279602050781e+00 1.149388477206230164e-01 1.345450973510742188e+01 -1.075841903686523438e+00 4.547116279602050781e+00 -1.075841903686523438e+00 8.741935729980468750e+00
9.396803855895996094e+00 4.732465445995330811e-01 4.461215496063232422e+00 4.732465445995330811e-01 1.380827903747558594e+01 -7.008802294731140137e-01 4.461215496063232422e+00 -7.008802294731140137e-01 8.951401710510253906e+00
9.206713676452636719e+00 1.095834016799926758e+00 4.201718807220458984e+00 1.095834016799926758e+00 1.353602600097656250e+01 8.121696114540100098e-01 4.201718807220458984e+00 8.121696114540100098e-01 9.328156471252441406e+00
9.282361030578613281e+00 1.145336627960205078e+00 4.173037052154541016e+00 1.145336627960205078e+00 1.338195800781250000e+01 1.051726222038269043e+00 4.173037052154541016e+00 1.051726222038269043e+00 9.354614257812500000e+00
9.521392822265625000e+00 1.123208284378051758e+00 4.150747776031494141e+00 1.123208284378051758e+00 1.288941669464111328e+01 1.538019776344299316e+00 4.150747776031494141e+00 1.538019776344299316e+00 9.417394638061523438e+00
1.063309860229492188e+01 4.552992582321166992e-01 4.129537105560302734e+00 4.552992582321166992e-01 1.065541267395019531e+01 2.412619590759277344e+00 4.129537105560302734e+00 2.412619590759277344e+00 9.831195831298828125e+00
1.075691604614257812e+01 3.551497459411621094e-01 4.130008220672607422e+00 3.551497459411621094e-01 1.040107250213623047e+01 2.453962564468383789e+00 4.130008220672607422e+00 2.453962564468383789e+00 9.835538864135742188e+00
1.119130802154541016e+01 7.105404138565063477e-02 4.085689067840576172e+00 7.105404138565063477e-02 9.732529640197753906e+00 2.508758783340454102e+00 4.085689067840576172e+00 2.508758783340454102e+00 9.942724227905273438e+00
1.160714912414550781e+01 -3.639054894447326660e-01 4.081250667572021484e+00 -3.639054894447326660e-01 8.768139839172363281e+00 2.488339900970458984e+00 4.081250667572021484e+00 2.488339900970458984e+00 1.011801338195800781e+01
1.204684543609619141e+01 -1.092616677284240723e+00 4.003353118896484375e+00 -1.092616677284240723e+00 7.530647277832031250e+00 2.224359273910522461e+00 4.003353118896484375e+00 2.224359273910522461e+00 1.036300086975097656e+01
1.212203884124755859e+01 -1.198814034461975098e+00 3.997377634048461914e+00 -1.198814034461975098e+00 7.359839916229248047e+00 2.182145118713378906e+00 3.997377634048461914e+00 2.182145118713378906e+00 1.043094444274902344e+01
1.217546367645263672e+01 -1.334388971328735352e+00 3.982783317565917969e+00 -1.334388971328735352e+00 7.207637786865234375e+00 2.118791818618774414e+00 3.982783317565917969e+00 2.118791818618774414e+00 1.049194335937500000e+01
1.225329589843750000e+01 -1.654497981071472168e+00 3.951343774795532227e+00 -1.654497981071472168e+00 6.706965923309326172e+00 1.926144003868103027e+00 3.951343774795532227e+00 1.926144003868103027e+00 1.056289863586425781e+01
1.241635036468505859e+01 -2.361307382583618164e+00 3.872341632843017578e+00 -2.361307382583618164e+00 5.983593463897705078e+00 1.377938508987426758e+00 3.872341632843017578e+00 1.377938508987426758e+00 1.093549728393554688e+01
1.237788009643554688e+01 -2.438510656356811523e+00 3.863082885742187500e+00 -2.438510656356811523e+00 5.923254489898681641e+00 1.329352140426635742e+00 3.863082885742187500e+00 1.329352140426635742e+00 1.097454166412353516e+01
1.235698318481445312e+01 -2.524717330932617188e+00 3.864179372787475586e+00 -2.524717330932617188e+00 5.892055034637451172e+00 1.252191543579101562e+00 3.864179372787475586e+00 1.252191543579101562e+00 1.104977893829345703e+01
1.235707569122314453e+01 -2.677737712860107422e+00 3.837767362594604492e+00 -2.677737712860107422e+00 5.810847282409667969e+00 1.086318850517272949e+00 3.837767362594604492e+00 1.086318850517272949e+00 1.111959075927734375e+01
1.234839439392089844e+01 -2.807374238967895508e+00 3.843248367309570312e+00 -2.807374238967895508e+00 5.784888744354248047e+00 9.435895681381225586e-01 3.843248367309570312e+00 9.435895681381225586e-01 1.121173477172851562e+01
1.236253929138183594e+01 -3.016618728637695312e+00 3.763320207595825195e+00 -3.016618728637695312e+00 5.803695201873779297e+00 6.340104937553405762e-01 3.763320207595825195e+00 6.340104937553405762e-01 1.146847724914550781e+01
1.239389228820800781e+01 -3.091306447982788086e+00 3.743823528289794922e+00 -3.091306447982788086e+00 5.898967742919921875e+00 5.227026343345642090e-01 3.743823528289794922e+00 5.227026343345642090e-01 1.160292243957519531e+01
1.216726684570312500e+01 -3.188408136367797852e+00 3.735581636428833008e+00 -3.188408136367797852e+00 6.230230808258056641e+00 3.804222643375396729e-01 3.735581636428833008e+00 3.804222643375396729e-01 1.184093761444091797e+01
1.201188945770263672e+01 -3.323086500167846680e+00 3.771139621734619141e+00 -3.323086500167846680e+00 6.544016361236572266e+00 4.150022864341735840e-01 3.771139621734619141e+00 4.150022864341735840e-01 1.187224960327148438e+01
1.197012424468994141e+01 -3.322136402130126953e+00 3.798783302307128906e+00 -3.322136402130126953e+00 6.613093376159667969e+00 4.337550997734069824e-01 3.798783302307128906e+00 4.337550997734069824e-01 1.185342121124267578e+01
1.194817924499511719e+01 -3.325947046279907227e+00 3.918872594833374023e+00 -3.325947046279907227e+00 6.880857467651367188e+00 6.211071014404296875e-01 3.918872594833374023e+00 6.211071014404296875e-01 1.182087421417236328e+01
1.196974372863769531e+01 -3.355844259262084961e+00 4.509996891021728516e+00 -3.355844259262084961e+00 7.167593479156494141e+00 1.232069492340087891e+00 4.509996891021728516e+00 1.232069492340087891e+00 1.180398082733154297e+01
1.195937347412109375e+01 -3.365373373031616211e+00 4.584003925323486328e+00 -3.365373373031616211e+00 7.208855152130126953e+00 1.277602672576904297e+00 4.584003925323486328e+00 1.277602672576904297e+00 1.177486419677734375e+01
1.199044036865234375e+01 -3.352379083633422852e+00 4.737435817718505859e+00 -3.352379083633422852e+00 7.283743381500244141e+00 1.349128127098083496e+00 4.737435817718505859e+00 1.349128127098083496e+00 1.173795604705810547e+01
1.198632717132568359e+01 -3.353277444839477539e+00 4.815249443054199219e+00 -3.353277444839477539e+00 7.276724815368652344e+00 1.404649853706359863e+00 4.815249443054199219e+00 1.404649853706359863e+00 1.170090103149414062e+01
1.204817295074462891e+01 -3.401740789413452148e+00 5.106004238128662109e+00 -3.401740789413452148e+00 7.368565082550048828e+00 1.495807170867919922e+00 5.106004238128662109e+00 1.495807170867919922e+00 1.166895008087158203e+01
1.207099437713623047e+01 -3.412043333053588867e+00 5.209552288055419922e+00 -3.412043333053588867e+00 7.370162963867187500e+00 1.548701405525207520e+00 5.209552288055419922e+00 1.548701405525207520e+00 1.161777782440185547e+01
1.216390609741210938e+01 -3.449568986892700195e+00 5.668879985809326172e+00 -3.449568986892700195e+00 7.279556751251220703e+00 1.651105761528015137e+00 5.668879985809326172e+00 1.651105761528015137e+00 1.159856891632080078e+01
1.221771049499511719e+01 -3.295917034149169922e+00 6.446945190429687500e+00 -3.295917034149169922e+00 7.044525146484375000e+00 1.609066486358642578e+00 6.446945190429687500e+00 1.609066486358642578e+00 1.154103088378906250e+01
1.222565460205078125e+01 -3.280773639678955078e+00 6.544606208801269531e+00 -3.280773639678955078e+00 6.977578163146972656e+00 1.616912364959716797e+00 6.544606208801269531e+00 1.616912364959716797e+00 1.154243564605712891e+01
1.222669696807861328e+01 -3.262300729751586914e+00 6.631936073303222656e+00 -3.262300729751586914e+00 6.933302879333496094e+00 1.610571622848510742e+00 6.631936073303222656e+00 1.610571622848510742e+00 1.156410121917724609e+01
1.233088302612304688e+01 -3.213985919952392578e+00 6.928150177001953125e+00 -3.213985919952392578e+00 6.784791469573974609e+00 1.524676799774169922e+00 6.928150177001953125e+00 1.524676799774169922e+00 1.164899730682373047e+01
1.263987636566162109e+01 -3.103986978530883789e+00 7.431122779846191406e+00 -3.103986978530883789e+00 6.245838642120361328e+00 1.211829066276550293e+00 7.431122779846191406e+00 1.211829066276550293e+00 1.189996623992919922e+01
1.268177032470703125e+01 -3.105674982070922852e+00 7.431046009063720703e+00 -3.105674982070922852e+00 6.190361022949218750e+00 1.171012639999389648e+00 7.431046009063720703e+00 1.171012639999389648e+00 1.190958499908447266e+01
1.286530876159667969e+01 -3.086805343627929688e+00 7.345461368560791016e+00 -3.086805343627929688e+00 5.881143093109130859e+00 9.655442833900451660e-01 7.345461368560791016e+00 9.655442833900451660e-01 1.204712390899658203e+01
1.294649600982666016e+01 -3.088431596755981445e+00 7.239554405212402344e+00 -3.088431596755981445e+00 5.736264228820800781e+00 8.892342448234558105e-01 7.239554405212402344e+00 8.892342448234558105e-01 1.211312770843505859e+01
1.335157394409179688e+01 -3.147153377532958984e+00 6.171188354492187500e+00 -3.147153377532958984e+00 5.473936080932617188e+00 4.597673416137695312e-01 6.171188354492187500e+00 4.597673416137695312e-01 1.198596572875976562e+01
1.336376571655273438e+01 -3.234800577163696289e+00 5.278655052185058594e+00 -3.234800577163696289e+00 5.647236347198486328e+00 2.714946866035461426e-01 5.278655052185058594e+00 2.714946866035461426e-01 1.172241115570068359e+01
1.336297130584716797e+01 -3.301237583160400391e+00 4.980146884918212891e+00 -3.301237583160400391e+00 5.808358192443847656e+00 2.408543378114700317e-01 4.980146884918212891e+00 2.408543378114700317e-01 1.166186904907226562e+01
1.317039585113525391e+01 -3.399946928024291992e+00 4.326712131500244141e+00 -3.399946928024291992e+00 6.047655105590820312e+00 1.291662603616714478e-01 4.326712131500244141e+00 1.291662603616714478e-01 1.139244270324707031e+01
1.311597824096679688e+01 -3.440396308898925781e+00 4.127797603607177734e+00 -3.440396308898925781e+00 6.128065586090087891e+00 1.120454818010330200e-01 4.127797603607177734e+00 1.120454818010330200e-01 1.132885265350341797e+01
1.306436824798583984e+01 -3.464868307113647461e+00 3.967204570770263672e+00 -3.464868307113647461e+00 6.195270061492919922e+00 1.026445031166076660e-01 3.967204570770263672e+00 1.026445031166076660e-01 1.126337432861328125e+01
1.126737785339355469e+01 -3.788491964340209961e+00 1.463930487632751465e+00 -3.788491964340209961e+00 7.575560092926025391e+00 -3.407101631164550781e-01 1.463930487632751465e+00 -3.407101631164550781e-01 1.057492446899414062e+01
1.111181354522705078e+01 -3.773939847946166992e+00 1.339172840118408203e+00 -3.773939847946166992e+00 7.654112815856933594e+00 -3.465098440647125244e-01 1.339172840118408203e+00 -3.465098440647125244e-01 1.053962612152099609e+01
9.780326843261718750e+00 -3.442687034606933594e+00 4.483469724655151367e-01 -3.442687034606933594e+00 8.124084472656250000e+00 -3.870695829391479492e-01 4.483469724655151367e-01 -3.870695829391479492e-01 1.066440296173095703e+01
9.650969505310058594e+00 -3.403277158737182617e+00 3.608070313930511475e-01 -3.403277158737182617e+00 8.150198936462402344e+00 -3.851712048053741455e-01 3.608070313930511475e-01 -3.851712048053741455e-01 1.071672916412353516e+01
9.318811416625976562e+00 -3.268554210662841797e+00 1.194588616490364075e-01 -3.268554210662841797e+00 8.223916053771972656e+00 -4.235974550247192383e-01 1.194588616490364075e-01 -4.235974550247192383e-01 1.078452777862548828e+01
8.838510513305664062e+00 -3.063071489334106445e+00 -1.925567090511322021e-01 -3.063071489334106445e+00 8.374558448791503906e+00 -4.123443663120269775e-01 -1.925567090511322021e-01 -4.123443663120269775e-01 1.094973278045654297e+01
8.646508216857910156e+00 -2.986370325088500977e+00 -3.781874477863311768e-01 -2.986370325088500977e+00 8.460931777954101562e+00 -4.016112685203552246e-01 -3.781874477863311768e-01 -4.016112685203552246e-01 1.104868507385253906e+01
7.629722118377685547e+00 -2.689795017242431641e+00 -1.012619018554687500e+00 -2.689795017242431641e+00 8.827164649963378906e+00 -5.239790081977844238e-01 -1.012619018554687500e+00 -5.239790081977844238e-01 1.125285053253173828e+01
7.241267204284667969e+00 -2.683659315109252930e+00 -1.495668411254882812e+00 -2.683659315109252930e+00 9.379731178283691406e+00 -6.844513416290283203e-01 -1.495668411254882812e+00 -6.844513416290283203e-01 1.131692218780517578e+01
6.670852661132812500e+00 -2.793413639068603516e+00 -2.286404371261596680e+00 -2.793413639068603516e+00 1.052800178527832031e+01 -1.151317834854125977e+00 -2.286404371261596680e+00 -1.151317834854125977e+00 1.117772483825683594e+01
6.635249137878417969e+00 -2.834814071655273438e+00 -2.448791027069091797e+00 -2.834814071655273438e+00 1.085179042816162109e+01 -1.259430646896362305e+00 -2.448791027069091797e+00 -1.259430646896362305e+00 1.115482330322265625e+01
6.595454692840576172e+00 -2.930262327194213867e+00 -2.814743995666503906e+00 -2.930262327194213867e+00 1.172586727142333984e+01 -1.600508928298950195e+00 -2.814743995666503906e+00 -1.600508928298950195e+00 1.104249191284179688e+01
6.897050380706787109e+00 -2.990200757980346680e+00 -3.093426465988159180e+00 -2.990200757980346680e+00 1.251827430725097656e+01 -2.046789169311523438e+00 -3.093426465988159180e+00 -2.046789169311523438e+00 1.116437530517578125e+01
8.729382514953613281e+00 -2.652833938598632812e+00 -2.921545505523681641e+00 -2.652833938598632812e+00 1.252991390228271484e+01 -2.994689226150512695e+00 -2.921545505523681641e+00 -2.994689226150512695e+00 1.264253330230712891e+01
8.877543449401855469e+00 -2.573641777038574219e+00 -2.888005971908569336e+00 -2.573641777038574219e+00 1.240413856506347656e+01 -3.051298141479492188e+00 -2.888005971908569336e+00 -3.051298141479492188e+00 1.278283691406250000e+01
9.024347305297851562e+00 -2.527732133865356445e+00 -2.825621128082275391e+00 -2.527732133865356445e+00 1.229344844818115234e+01 -3.124339818954467773e+00 -2.825621128082275391e+00 -3.124339818954467773e+00 1.285391998291015625e+01
9.688419342041015625e+00 -2.275780916213989258e+00 -2.635770797729492188e+00 -2.275780916213989258e+00 1.178704261779785156e+01 -3.388610601425170898e+00 -2.635770797729492188e+00 -3.388610601425170898e+00 1.342288017272949219e+01
1.045817279815673828e+01 -1.842811465263366699e+00 -2.324123144149780273e+00 -1.842811465263366699e+00 1.095176792144775391e+01 -3.697961091995239258e+00 -2.324123144149780273e+00 -3.697961091995239258e+00 1.422968959808349609e+01
1.119874954223632812e+01 -1.122420430183410645e+00 -1.854358792304992676e+00 -1.122420430183410645e+00 9.571086883544921875e+00 -4.067687988281250000e+00 -1.854358792304992676e+00 -4.067687988281250000e+00 1.517402744293212891e+01
1.145776176452636719e+01 -3.374489843845367432e-01 -1.427426695823669434e+00 -3.374489843845367432e-01 8.087021827697753906e+00 -4.310991287231445312e+00 -1.427426695823669434e+00 -4.310991287231445312e+00 1.583304595947265625e+01
1.141726112365722656e+01 -1.184622570872306824e-01 -1.327445268630981445e+00 -1.184622570872306824e-01 7.769369602203369141e+00 -4.379884719848632812e+00 -1.327445268630981445e+00 -4.379884719848632812e+00 1.597080230712890625e+01
1.137775421142578125e+01 1.516060978174209595e-01 -1.134559869766235352e+00 1.516060978174209595e-01 7.308518409729003906e+00 -4.412043094635009766e+00 -1.134559869766235352e+00 -4.412043094635009766e+00 1.613076019287109375e+01
1.082331180572509766e+01 6.928637027740478516e-01 -8.058649301528930664e-01 6.928637027740478516e-01 6.189123630523681641e+00 -4.429394245147705078e+00 -8.058649301528930664e-01 -4.429394245147705078e+00 1.640947341918945312e+01
1.035346889495849609e+01 8.284939527511596680e-01 -6.533220410346984863e-01 8.284939527511596680e-01 5.892648696899414062e+00 -4.414454460144042969e+00 -6.533220410346984863e-01 -4.414454460144042969e+00 1.641784286499023438e+01
9.711191177368164062e+00 7.611142396926879883e-01 -6.135298013687133789e-01 7.611142396926879883e-01 5.947544574737548828e+00 -4.293605804443359375e+00 -6.135298013687133789e-01 -4.293605804443359375e+00 1.616711807250976562e+01
9.568866729736328125e+00 7.283110618591308594e-01 -6.270162463188171387e-01 7.283110618591308594e-01 6.033613681793212891e+00 -4.256534099578857422e+00 -6.270162463188171387e-01 -4.256534099578857422e+00 1.605074119567871094e+01
9.207748413085937500e+00 4.698747992515563965e-01 -7.041665911674499512e-01 4.698747992515563965e-01 6.425911426544189453e+00 -4.093564510345458984e+00 -7.041665911674499512e-01 -4.093564510345458984e+00 1.588983631134033203e+01
9.102982521057128906e+00 3.913602530956268311e-01 -7.770134210586547852e-01 3.913602530956268311e-01 6.528887271881103516e+00 -4.043147563934326172e+00 -7.770134210586547852e-01 -4.043147563934326172e+00 1.574699020385742188e+01
8.953407287597656250e+00 3.013723790645599365e-01 -8.045777082443237305e-01 3.013723790645599365e-01 6.680486202239990234e+00 -3.959211587905883789e+00 -8.045777082443237305e-01 -3.959211587905883789e+00 1.566357707977294922e+01
8.780762672424316406e+00 8.375161886215209961e-02 -9.261626601219177246e-01 8.375161886215209961e-02 7.096145153045654297e+00 -3.631193161010742188e+00 -9.261626601219177246e-01 -3.631193161010742188e+00 1.561626148223876953e+01
8.703355789184570312e+00 -5.670544877648353577e-02 -9.861931800842285156e-01 -5.670544877648353577e-02 7.247848510742187500e+00 -3.430241823196411133e+00 -9.861931800842285156e-01 -3.430241823196411133e+00 1.560203647613525391e+01
8.644824981689453125e+00 -1.136129572987556458e-01 -1.104894638061523438e+00 -1.136129572987556458e-01 7.299772262573242188e+00 -3.150443077087402344e+00 -1.104894638061523438e+00 -3.150443077087402344e+00 1.554161167144775391e+01
8.693895339965820312e+00 -1.729085296392440796e-01 -1.226713418960571289e+00 -1.729085296392440796e-01 7.314270496368408203e+00 -2.828079938888549805e+00 -1.226713418960571289e+00 -2.828079938888549805e+00 1.548928165435791016e+01
8.748855590820312500e+00 -1.837978065013885498e-01 -1.377092957496643066e+00 -1.837978065013885498e-01 7.330635547637939453e+00 -2.525681495666503906e+00 -1.377092957496643066e+00 -2.525681495666503906e+00 1.545582771301269531e+01
8.883702278137207031e+00 -1.239210516214370728e-01 -1.745568394660949707e+00 -1.239210516214370728e-01 6.806047916412353516e+00 -1.411281824111938477e+00 -1.745568394660949707e+00 -1.411281824111938477e+00 1.531188869476318359e+01
8.848617553710937500e+00 3.602735698223114014e-02 -2.366336345672607422e+00 3.602735698223114014e-02 5.937439918518066406e+00 2.455426007509231567e-01 -2.366336345672607422e+00 2.455426007509231567e-01 1.519279575347900391e+01
8.772585868835449219e+00 6.980633735656738281e-02 -2.613896846771240234e+00 6.980633735656738281e-02 5.719888687133789062e+00 7.937730550765991211e-01 -2.613896846771240234e+00 7.937730550765991211e-01 1.519636631011962891e+01
8.481343269348144531e+00 1.599933020770549774e-02 -3.156491279602050781e+00 1.599933020770549774e-02 5.701649188995361328e+00 1.637999176979064941e+00 -3.156491279602050781e+00 1.637999176979064941e+00 1.523423767089843750e+01
8.331067085266113281e+00 -6.727900356054306030e-02 -3.455811500549316406e+00 -6.727900356054306030e-02 5.764382839202880859e+00 1.898449897766113281e+00 -3.455811500549316406e+00 1.898449897766113281e+00 1.527383804321289062e+01
7.904292106628417969e+00 -3.072024881839752197e-01 -4.076671123504638672e+00 -3.072024881839752197e-01 6.018828392028808594e+00 2.172296762466430664e+00 -4.076671123504638672e+00 2.172296762466430664e+00 1.519511985778808594e+01
7.680563926696777344e+00 -4.318575561046600342e-01 -4.417752265930175781e+00 -4.318575561046600342e-01 6.263083934783935547e+00 2.240477323532104492e+00 -4.417752265930175781e+00 2.240477323532104492e+00 1.523417282104492188e+01
7.390179634094238281e+00 -6.521305441856384277e-01 -4.860208511352539062e+00 -6.521305441856384277e-01 6.645998477935791016e+00 2.274842977523803711e+00 -4.860208511352539062e+00 2.274842977523803711e+00 1.523794651031494141e+01
6.941082954406738281e+00 -6.725115776062011719e-01 -5.806098937988281250e+00 -6.725115776062011719e-01 7.905956745147705078e+00 2.117228507995605469e+00 -5.806098937988281250e+00 2.117228507995605469e+00 1.492197895050048828e+01
6.915554523468017578e+00 -6.425935029983520508e-01 -5.862983703613281250e+00 -6.425935029983520508e-01 8.001450538635253906e+00 2.101070404052734375e+00 -5.862983703613281250e+00 2.101070404052734375e+00 1.488167858123779297e+01
6.920943737030029297e+00 -5.465243458747863770e-01 -6.042731285095214844e+00 -5.465243458747863770e-01 8.303934097290039062e+00 2.054412603378295898e+00 -6.042731285095214844e+00 2.054412603378295898e+00 1.470536708831787109e+01
6.898308753967285156e+00 -4.042913615703582764e-01 -6.148377895355224609e+00 -4.042913615703582764e-01 8.603785514831542969e+00 2.028516769409179688e+00 -6.148377895355224609e+00 2.028516769409179688e+00 1.450723075866699219e+01
7.012686729431152344e+00 -2.067149132490158081e-01 -6.269413471221923828e+00 -2.067149132490158081e-01 8.988764762878417969e+00 2.058083534240722656e+00 -6.269413471221923828e+00 2.058083534240722656e+00 1.435684680938720703e+01
