1.299396157264709473e+00 -1.255722492933273315e-01 4.583824872970581055e-01 -1.255722492933273315e-01 2.041595935821533203e+00 -3.741155266761779785e-01 4.583824872970581055e-01 -3.741155266761779785e-01 1.747576951980590820e+00
6.640419006347656250e+00 7.361440658569335938e-01 1.200570821762084961e+00 7.361440658569335938e-01 1.069788455963134766e+01 1.043631315231323242e+00 1.200570821762084961e+00 1.043631315231323242e+00 5.073863029479980469e+00
7.496284008026123047e+00 9.014165997505187988e-01 1.336392402648925781e+00 9.014165997505187988e-01 1.209128665924072266e+01 1.137360811233520508e+00 1.336392402648925781e+00 1.137360811233520508e+00 5.839809894561767578e+00
9.301747322082519531e+00 1.372851967811584473e+00 1.505704402923583984e+00 1.372851967811584473e+00 1.490231895446777344e+01 1.462211132049560547e+00 1.505704402923583984e+00 1.462211132049560547e+00 7.341217041015625000e+00
1.062258911132812500e+01 2.087778806686401367e+00 1.176448464393615723e+00 2.087778806686401367e+00 1.652264022827148438e+01 2.127982378005981445e+00 1.176448464393615723e+00 2.127982378005981445e+00 7.855878353118896484e+00
9.523260116577148438e+00 3.670717000961303711e+00 -1.649352431297302246e+00 3.670717000961303711e+00 9.490536689758300781e+00 2.873306035995483398e+00 -1.649352431297302246e+00 2.873306035995483398e+00 2.901430130004882812e+00
8.863916397094726562e+00 3.605635881423950195e+00 -1.830822467803955078e+00 3.605635881423950195e+00 5.033917903900146484e+00 1.678976178169250488e+00 -1.830822467803955078e+00 1.678976178169250488e+00 1.326958298683166504e+00
8.619830131530761719e+00 3.411861181259155273e+00 -1.317314267158508301e+00 3.411861181259155273e+00 4.422853291034698486e-01 6.863327324390411377e-02 -1.317314267158508301e+00 6.863327324390411377e-02 2.771769464015960693e-01
8.603795051574707031e+00 3.341015577316284180e+00 -1.048148036003112793e+00 3.341015577316284180e+00 -8.298098444938659668e-01 -4.245326519012451172e-01 -1.048148036003112793e+00 -4.245326519012451172e-01 7.967868447303771973e-02
8.543031692504882812e+00 3.113261699676513672e+00 -1.736215502023696899e-02 3.113261699676513672e+00 -4.436170578002929688e+00 -1.875234961509704590e+00 -1.736215502023696899e-02 -1.875234961509704590e+00 -2.954890131950378418e-01
8.472322463989257812e+00 3.039345264434814453e+00 3.735524117946624756e-01 3.039345264434814453e+00 -5.555074691772460938e+00 -2.326279401779174805e+00 3.735524117946624756e-01 -2.326279401779174805e+00 -3.889569640159606934e-01
8.420712471008300781e+00 3.003781557083129883e+00 5.673699975013732910e-01 3.003781557083129883e+00 -6.098561286926269531e+00 -2.538830757141113281e+00 5.673699975013732910e-01 -2.538830757141113281e+00 -4.402573704719543457e-01
7.745649337768554688e+00 2.893147468566894531e+00 1.573295354843139648e+00 2.893147468566894531e+00 -9.103552818298339844e+00 -3.572200298309326172e+00 1.573295354843139648e+00 -3.572200298309326172e+00 -9.033054709434509277e-01
5.565726757049560547e+00 3.168124437332153320e+00 1.989653587341308594e+00 3.168124437332153320e+00 -1.237235164642333984e+01 -4.133554935455322266e+00 1.989653587341308594e+00 -4.133554935455322266e+00 -2.639230966567993164e+00
3.948430538177490234e+00 3.505336046218872070e+00 1.714658260345458984e+00 3.505336046218872070e+00 -1.360064601898193359e+01 -4.088904380798339844e+00 1.714658260345458984e+00 -4.088904380798339844e+00 -4.082108497619628906e+00
-4.906544089317321777e-01 4.495285511016845703e+00 4.829583764076232910e-01 4.495285511016845703e+00 -1.513632774353027344e+01 -3.694761753082275391e+00 4.829583764076232910e-01 -3.694761753082275391e+00 -8.080312728881835938e+00
-5.529633522033691406e+00 4.498024940490722656e+00 1.063071012496948242e+00 4.498024940490722656e+00 -1.126464366912841797e+01 -5.053928852081298828e+00 1.063071012496948242e+00 -5.053928852081298828e+00 -1.015471363067626953e+01
-5.853323459625244141e+00 4.262885570526123047e+00 1.309890747070312500e+00 4.262885570526123047e+00 -1.055400657653808594e+01 -5.357508182525634766e+00 1.309890747070312500e+00 -5.357508182525634766e+00 -9.981097221374511719e+00
-7.183499813079833984e+00 3.010974645614624023e+00 2.124185800552368164e+00 3.010974645614624023e+00 -8.272381782531738281e+00 -6.199552536010742188e+00 2.124185800552368164e+00 -6.199552536010742188e+00 -9.620702743530273438e+00
-8.314112663269042969e+00 1.972661972045898438e+00 2.352230310440063477e+00 1.972661972045898438e+00 -7.660268306732177734e+00 -6.044351100921630859e+00 2.352230310440063477e+00 -6.044351100921630859e+00 -1.015752029418945312e+01
-8.680337905883789062e+00 1.655782341957092285e+00 2.348396301269531250e+00 1.655782341957092285e+00 -7.687379837036132812e+00 -5.826846122741699219e+00 2.348396301269531250e+00 -5.826846122741699219e+00 -1.049251079559326172e+01
-9.036714553833007812e+00 1.371633410453796387e+00 2.315937995910644531e+00 1.371633410453796387e+00 -7.800152778625488281e+00 -5.538418292999267578e+00 2.315937995910644531e+00 -5.538418292999267578e+00 -1.088113975524902344e+01
-9.520978927612304688e+00 1.008970499038696289e+00 2.230568885803222656e+00 1.008970499038696289e+00 -8.067060470581054688e+00 -5.013579845428466797e+00 2.230568885803222656e+00 -5.013579845428466797e+00 -1.152388381958007812e+01
-9.784498214721679688e+00 8.152704238891601562e-01 2.161561012268066406e+00 8.152704238891601562e-01 -8.273687362670898438e+00 -4.613016605377197266e+00 2.161561012268066406e+00 -4.613016605377197266e+00 -1.197083950042724609e+01
-9.895147323608398438e+00 7.368026375770568848e-01 2.125446319580078125e+00 7.368026375770568848e-01 -8.380713462829589844e+00 -4.399945259094238281e+00 2.125446319580078125e+00 -4.399945259094238281e+00 -1.219123744964599609e+01
-9.990294456481933594e+00 6.711795330047607422e-01 2.088666915893554688e+00 6.711795330047607422e-01 -8.485283851623535156e+00 -4.179425239562988281e+00 2.088666915893554688e+00 -4.179425239562988281e+00 -1.240605258941650391e+01
-1.006614017486572266e+01 6.182633042335510254e-01 2.051769733428955078e+00 6.182633042335510254e-01 -8.585348129272460938e+00 -3.953157424926757812e+00 2.051769733428955078e+00 -3.953157424926757812e+00 -1.261508274078369141e+01
-1.012549781799316406e+01 5.767409205436706543e-01 2.016592025756835938e+00 5.767409205436706543e-01 -8.675809860229492188e+00 -3.723032712936401367e+00 2.016592025756835938e+00 -3.723032712936401367e+00 -1.282031536102294922e+01
-9.675220489501953125e+00 8.098524808883666992e-01 1.807704091072082520e+00 8.098524808883666992e-01 -8.621665954589843750e+00 -1.238139867782592773e+00 1.807704091072082520e+00 -1.238139867782592773e+00 -1.424512290954589844e+01
-8.348354339599609375e+00 1.497805714607238770e+00 1.754707813262939453e+00 1.497805714607238770e+00 -7.214735507965087891e+00 6.034562587738037109e-01 1.754707813262939453e+00 6.034562587738037109e-01 -1.434835910797119141e+01
-7.152202606201171875e+00 2.047690391540527344e+00 1.632139682769775391e+00 2.047690391540527344e+00 -5.584112644195556641e+00 1.843627810478210449e+00 1.632139682769775391e+00 1.843627810478210449e+00 -1.388004302978515625e+01
-6.664420127868652344e+00 2.246098995208740234e+00 1.540647506713867188e+00 2.246098995208740234e+00 -4.825482368469238281e+00 2.286088228225708008e+00 1.540647506713867188e+00 2.286088228225708008e+00 -1.356820869445800781e+01
1.720732077956199646e-02 1.639552116394042969e+00 -2.818948745727539062e+00 1.639552116394042969e+00 4.523810386657714844e+00 2.481583356857299805e+00 -2.818948745727539062e+00 2.481583356857299805e+00 -4.171869754791259766e+00
4.165300369262695312e+00 -5.188952684402465820e-01 -5.406159877777099609e+00 -5.188952684402465820e-01 7.569611072540283203e+00 -1.565912961959838867e+00 -5.406159877777099609e+00 -1.565912961959838867e+00 3.303440570831298828e+00
4.360956668853759766e+00 -6.872920989990234375e-01 -5.475144863128662109e+00 -6.872920989990234375e-01 7.740627765655517578e+00 -1.914034247398376465e+00 -5.475144863128662109e+00 -1.914034247398376465e+00 3.825185060501098633e+00
5.049929141998291016e+00 -1.898959875106811523e+00 -5.239077568054199219e+00 -1.898959875106811523e+00 8.724097251892089844e+00 -4.513143539428710938e+00 -5.239077568054199219e+00 -4.513143539428710938e+00 7.317818164825439453e+00
5.027565002441406250e+00 -2.264319658279418945e+00 -4.910029888153076172e+00 -2.264319658279418945e+00 8.933126449584960938e+00 -5.282718658447265625e+00 -4.910029888153076172e+00 -5.282718658447265625e+00 8.266489028930664062e+00
4.917665004730224609e+00 -2.640236139297485352e+00 -4.468774318695068359e+00 -2.640236139297485352e+00 9.110711097717285156e+00 -6.058596611022949219e+00 -4.468774318695068359e+00 -6.058596611022949219e+00 9.205926895141601562e+00
4.498054504394531250e+00 -3.388464212417602539e+00 -3.267283916473388672e+00 -3.388464212417602539e+00 9.331138610839843750e+00 -7.590446472167968750e+00 -3.267283916473388672e+00 -7.590446472167968750e+00 1.106767654418945312e+01
4.076429367065429688e+00 -3.924790620803833008e+00 -2.128628969192504883e+00 -3.924790620803833008e+00 9.345005989074707031e+00 -8.639096260070800781e+00 -2.128628969192504883e+00 -8.639096260070800781e+00 1.239498615264892578e+01
3.918734550476074219e+00 -4.091549396514892578e+00 -1.717998623847961426e+00 -4.091549396514892578e+00 9.321738243103027344e+00 -8.950412750244140625e+00 -1.717998623847961426e+00 -8.950412750244140625e+00 1.281204986572265625e+01
3.431674957275390625e+00 -4.525850296020507812e+00 -4.416067004203796387e-01 -4.525850296020507812e+00 9.110392570495605469e+00 -9.737113952636718750e+00 -4.416067004203796387e-01 -9.737113952636718750e+00 1.390989494323730469e+01
2.648489952087402344e+00 -4.913743019104003906e+00 1.597523331642150879e+00 -4.913743019104003906e+00 8.251310348510742188e+00 -1.024823951721191406e+01 1.597523331642150879e+00 -1.024823951721191406e+01 1.487722969055175781e+01
2.084330320358276367e+00 -4.830160617828369141e+00 2.885432481765747070e+00 -4.830160617828369141e+00 7.081752300262451172e+00 -9.713048934936523438e+00 2.885432481765747070e+00 -9.713048934936523438e+00 1.453810596466064453e+01
1.475982666015625000e+00 -4.181001663208007812e+00 3.747931718826293945e+00 -4.181001663208007812e+00 5.261267185211181641e+00 -7.869324684143066406e+00 3.747931718826293945e+00 -7.869324684143066406e+00 1.261634922027587891e+01
1.362026095390319824e+00 -3.989613771438598633e+00 3.815128803253173828e+00 -3.989613771438598633e+00 4.890033245086669922e+00 -7.373672485351562500e+00 3.815128803253173828e+00 -7.373672485351562500e+00 1.206380462646484375e+01
1.159819006919860840e+00 -3.555961370468139648e+00 3.845494508743286133e+00 -3.555961370468139648e+00 4.188411235809326172e+00 -6.293142318725585938e+00 3.845494508743286133e+00 -6.293142318725585938e+00 1.083440303802490234e+01
9.617556929588317871e-01 -2.836925268173217773e+00 3.676547765731811523e+00 -2.836925268173217773e+00 3.286538362503051758e+00 -4.524674892425537109e+00 3.676547765731811523e+00 -4.524674892425537109e+00 8.780961036682128906e+00
8.848953247070312500e-01 -2.101317882537841797e+00 3.309046983718872070e+00 -2.101317882537841797e+00 2.626526832580566406e+00 -2.683791160583496094e+00 3.309046983718872070e+00 -2.683791160583496094e+00 6.685228347778320312e+00
8.850108385086059570e-01 -1.861266970634460449e+00 3.147112131118774414e+00 -1.861266970634460449e+00 2.471891164779663086e+00 -2.077873229980468750e+00 3.147112131118774414e+00 -2.077873229980468750e+00 6.010238647460937500e+00
1.131641507148742676e+00 -7.539066672325134277e-01 2.147851943969726562e+00 -7.539066672325134277e-01 2.251153707504272461e+00 7.457850575447082520e-01 2.147851943969726562e+00 7.457850575447082520e-01 2.982433080673217773e+00
1.347384214401245117e+00 -3.850689530372619629e-01 1.696944117546081543e+00 -3.850689530372619629e-01 2.411818027496337891e+00 1.763387084007263184e+00 1.696944117546081543e+00 1.763387084007263184e+00 1.970693945884704590e+00
1.900307059288024902e+00 1.689846515655517578e-01 7.224732637405395508e-01 1.689846515655517578e-01 3.090553760528564453e+00 3.559893608093261719e+00 7.224732637405395508e-01 3.559893608093261719e+00 3.829856216907501221e-01
2.558694362640380859e+00 -1.193306222558021545e-01 -1.904301404953002930e+00 -1.193306222558021545e-01 6.573670387268066406e+00 6.876539707183837891e+00 -1.904301404953002930e+00 6.876539707183837891e+00 -1.789751172065734863e+00
1.746666669845581055e+00 -9.507620334625244141e-01 -2.412066936492919922e+00 -9.507620334625244141e-01 7.643463134765625000e+00 7.333005905151367188e+00 -2.412066936492919922e+00 7.333005905151367188e+00 -2.158650398254394531e+00
3.367535769939422607e-01 -2.087971687316894531e+00 -2.734599113464355469e+00 -2.087971687316894531e+00 8.480044364929199219e+00 7.475512981414794922e+00 -2.734599113464355469e+00 7.475512981414794922e+00 -2.514327049255371094e+00
-2.990693569183349609e+00 -4.259911537170410156e+00 -2.868258953094482422e+00 -4.259911537170410156e+00 9.280822753906250000e+00 6.776004314422607422e+00 -2.868258953094482422e+00 6.776004314422607422e+00 -2.972429275512695312e+00
-7.111832141876220703e+00 -6.350312709808349609e+00 -2.828675270080566406e+00 -6.350312709808349609e+00 9.225000381469726562e+00 4.175174236297607422e+00 -2.828675270080566406e+00 4.175174236297607422e+00 -2.557205438613891602e+00
-8.766240119934082031e+00 -6.905566215515136719e+00 -2.790987253189086914e+00 -6.905566215515136719e+00 8.742404937744140625e+00 2.186479806900024414e+00 -2.790987253189086914e+00 2.186479806900024414e+00 -1.673309922218322754e+00
-1.004580497741699219e+01 -7.043401241302490234e+00 -2.673604965209960938e+00 -7.043401241302490234e+00 7.689311027526855469e+00 -3.566240668296813965e-01 -2.673604965209960938e+00 -3.566240668296813965e-01 4.250946268439292908e-02
-1.047389507293701172e+01 -6.805353164672851562e+00 -2.258946895599365234e+00 -6.805353164672851562e+00 6.107769966125488281e+00 -2.645249128341674805e+00 -2.258946895599365234e+00 -2.645249128341674805e+00 2.449254035949707031e+00
-1.046069526672363281e+01 -6.755347728729248047e+00 -2.145482301712036133e+00 -6.755347728729248047e+00 5.805724143981933594e+00 -2.978769302368164062e+00 -2.145482301712036133e+00 -2.978769302368164062e+00 2.924053907394409180e+00
-1.035934638977050781e+01 -6.662126541137695312e+00 -1.848301887512207031e+00 -6.662126541137695312e+00 5.151770114898681641e+00 -3.616170883178710938e+00 -1.848301887512207031e+00 -3.616170883178710938e+00 3.969191312789916992e+00
-1.008753395080566406e+01 -6.586331844329833984e+00 -1.221686601638793945e+00 -6.586331844329833984e+00 4.116490364074707031e+00 -4.483710765838623047e+00 -1.221686601638793945e+00 -4.483710765838623047e+00 5.716567516326904297e+00
-9.340623855590820312e+00 -6.604723453521728516e+00 2.613229155540466309e-01 -6.604723453521728516e+00 2.361355066299438477e+00 -5.650965213775634766e+00 2.613229155540466309e-01 -5.650965213775634766e+00 9.163690567016601562e+00
-8.970199584960937500e+00 -6.663517951965332031e+00 9.667173027992248535e-01 -6.663517951965332031e+00 1.682716727256774902e+00 -5.984034061431884766e+00 9.667173027992248535e-01 -5.984034061431884766e+00 1.065571594238281250e+01
-8.411812782287597656e+00 -6.772283077239990234e+00 2.095780611038208008e+00 -6.772283077239990234e+00 7.288852930068969727e-01 -6.305341720581054688e+00 2.095780611038208008e+00 -6.305341720581054688e+00 1.282216644287109375e+01
-7.662724018096923828e+00 -6.884987831115722656e+00 3.803659439086914062e+00 -6.884987831115722656e+00 -6.697929501533508301e-01 -6.304372787475585938e+00 3.803659439086914062e+00 -6.304372787475585938e+00 1.562760925292968750e+01
-7.386191368103027344e+00 -6.560651779174804688e+00 4.829025268554687500e+00 -6.560651779174804688e+00 -1.980404257774353027e+00 -4.987858772277832031e+00 4.829025268554687500e+00 -4.987858772277832031e+00 1.584868717193603516e+01
-8.186932563781738281e+00 -4.920781612396240234e+00 4.037204742431640625e+00 -4.920781612396240234e+00 -2.679140567779541016e+00 -1.696096181869506836e+00 4.037204742431640625e+00 -1.696096181869506836e+00 9.114998817443847656e+00
-8.433872222900390625e+00 -4.010825157165527344e+00 3.743498802185058594e+00 -4.010825157165527344e+00 -2.566590785980224609e+00 -3.656128942966461182e-01 3.743498802185058594e+00 -3.656128942966461182e-01 5.911050319671630859e+00
-8.536646842956542969e+00 -2.773736000061035156e+00 3.711831569671630859e+00 -2.773736000061035156e+00 -2.120574474334716797e+00 1.088586091995239258e+00 3.711831569671630859e+00 1.088586091995239258e+00 2.543605089187622070e+00
-8.516660690307617188e+00 -2.520391702651977539e+00 3.748856306076049805e+00 -2.520391702651977539e+00 -2.003108501434326172e+00 1.351838350296020508e+00 3.748856306076049805e+00 1.351838350296020508e+00 1.975106120109558105e+00
-8.237833023071289062e+00 -1.294264674186706543e+00 4.085289478302001953e+00 -1.294264674186706543e+00 -1.279096126556396484e+00 2.546333789825439453e+00 4.085289478302001953e+00 2.546333789825439453e+00 -3.174164891242980957e-01
-6.780728816986083984e+00 7.466568946838378906e-01 4.478975772857666016e+00 7.466568946838378906e-01 1.870418548583984375e+00 4.579899311065673828e+00 4.478975772857666016e+00 4.579899311065673828e+00 -2.401388645172119141e+00
-6.695960998535156250e+00 8.054890632629394531e-01 4.265293598175048828e+00 8.054890632629394531e-01 2.250522613525390625e+00 4.528637409210205078e+00 4.265293598175048828e+00 4.528637409210205078e+00 -2.114259481430053711e+00
-6.346017837524414062e+00 -7.959142923355102539e-01 1.937271714210510254e+00 -7.959142923355102539e-01 3.882426261901855469e+00 2.390296697616577148e+00 1.937271714210510254e+00 2.390296697616577148e+00 -2.249118871986865997e-02
-6.233006000518798828e+00 -1.395771861076354980e+00 1.430135488510131836e+00 -1.395771861076354980e+00 4.143821716308593750e+00 1.724143147468566895e+00 1.430135488510131836e+00 1.724143147468566895e+00 2.609387934207916260e-01
2.356340885162353516e-01 -9.055967330932617188e+00 -2.361138351261615753e-02 -9.055967330932617188e+00 5.196940898895263672e+00 -6.577973842620849609e+00 -2.361138351261615753e-02 -6.577973842620849609e+00 2.265445142984390259e-01
7.958848476409912109e-01 -9.411155700683593750e+00 1.692715100944042206e-02 -9.411155700683593750e+00 5.361263275146484375e+00 -6.930945873260498047e+00 1.692715100944042206e-02 -6.930945873260498047e+00 -1.102392151951789856e-01
1.287282586097717285e+00 -9.637629508972167969e+00 3.301422297954559326e-02 -9.637629508972167969e+00 5.444323539733886719e+00 -7.401267528533935547e+00 3.301422297954559326e-02 -7.401267528533935547e+00 -1.842226982116699219e-01
2.236491680145263672e+00 -1.014083862304687500e+01 1.585438370704650879e+00 -1.014083862304687500e+01 3.698288440704345703e+00 -1.037743473052978516e+01 1.585438370704650879e+00 -1.037743473052978516e+01 5.314683914184570312e+00
2.002057313919067383e+00 -1.003585243225097656e+01 1.715783953666687012e+00 -1.003585243225097656e+01 3.630431652069091797e+00 -1.025950431823730469e+01 1.715783953666687012e+00 -1.025950431823730469e+01 5.781667709350585938e+00
1.526871323585510254e+00 -7.495805263519287109e+00 1.861164331436157227e+00 -7.495805263519287109e+00 2.226457357406616211e+00 -8.977127075195312500e+00 1.861164331436157227e+00 -8.977127075195312500e+00 1.243808078765869141e+01
1.526544570922851562e+00 -6.558976173400878906e+00 1.847039818763732910e+00 -6.558976173400878906e+00 2.091955900192260742e+00 -8.711270332336425781e+00 1.847039818763732910e+00 -8.711270332336425781e+00 1.427835273742675781e+01
2.175621986389160156e+00 -2.148804903030395508e+00 -9.087277203798294067e-02 -2.148804903030395508e+00 5.246987938880920410e-01 -5.753567695617675781e+00 -9.087277203798294067e-02 -5.753567695617675781e+00 8.420402526855468750e+00
2.190837144851684570e+00 -1.199749588966369629e+00 -4.575909972190856934e-01 -1.199749588966369629e+00 8.749034255743026733e-02 -4.987190723419189453e+00 -4.575909972190856934e-01 -4.987190723419189453e+00 6.608269214630126953e+00
2.111019372940063477e+00 6.091974377632141113e-01 -9.302700757980346680e-01 6.091974377632141113e-01 -8.907440900802612305e-01 -3.377073049545288086e+00 -9.302700757980346680e-01 -3.377073049545288086e+00 3.351387023925781250e+00
1.312111258506774902e+00 5.265604019165039062e+00 -8.897331953048706055e-01 5.265604019165039062e+00 -2.268483400344848633e+00 -3.439622819423675537e-01 -8.897331953048706055e-01 -3.439622819423675537e-01 5.728489756584167480e-01
1.230667591094970703e+00 5.602598667144775391e+00 -8.424021005630493164e-01 5.602598667144775391e+00 -2.266878366470336914e+00 -1.507449299097061157e-01 -8.424021005630493164e-01 -1.507449299097061157e-01 7.419393062591552734e-01
8.389040827751159668e-01 6.458316802978515625e+00 -6.062007546424865723e-01 6.458316802978515625e+00 -1.948091506958007812e+00 3.164857327938079834e-01 -6.062007546424865723e-01 3.164857327938079834e-01 1.576289653778076172e+00
3.942621648311614990e-01 7.480795860290527344e+00 -3.360747098922729492e-01 7.480795860290527344e+00 -1.246745944023132324e+00 7.395468354225158691e-01 -3.360747098922729492e-01 7.395468354225158691e-01 3.250031948089599609e+00
-2.496031671762466431e-01 8.514297485351562500e+00 9.093970060348510742e-02 8.514297485351562500e+00 3.294445574283599854e-01 1.079468727111816406e+00 9.093970060348510742e-02 1.079468727111816406e+00 6.439123153686523438e+00
-3.523314893245697021e-01 8.632402420043945312e+00 1.581521630287170410e-01 8.632402420043945312e+00 5.611240267753601074e-01 1.137257337570190430e+00 1.581521630287170410e-01 1.137257337570190430e+00 7.048723697662353516e+00
-4.700922071933746338e-01 8.741219520568847656e+00 2.325377017259597778e-01 8.741219520568847656e+00 8.005584478378295898e-01 1.180133461952209473e+00 2.325377017259597778e-01 1.180133461952209473e+00 7.671999454498291016e+00
-6.599459648132324219e-01 8.846269607543945312e+00 4.369677603244781494e-01 8.846269607543945312e+00 1.520031809806823730e+00 1.245022535324096680e+00 4.369677603244781494e-01 1.245022535324096680e+00 9.297401428222656250e+00
-1.083157181739807129e+00 8.478074073791503906e+00 8.506175875663757324e-01 8.478074073791503906e+00 2.356121063232421875e+00 1.303554654121398926e+00 8.506175875663757324e-01 1.303554654121398926e+00 1.259130287170410156e+01
-1.146173119544982910e+00 8.362599372863769531e+00 9.300937056541442871e-01 8.362599372863769531e+00 2.377377271652221680e+00 1.257823824882507324e+00 9.300937056541442871e-01 1.257823824882507324e+00 1.293683052062988281e+01
-1.211243629455566406e+00 8.257925987243652344e+00 1.010847806930541992e+00 8.257925987243652344e+00 2.371205806732177734e+00 1.207502722740173340e+00 1.010847806930541992e+00 1.207502722740173340e+00 1.324223709106445312e+01
-1.320682525634765625e+00 8.000533103942871094e+00 1.112198233604431152e+00 8.000533103942871094e+00 2.325196027755737305e+00 1.196953058242797852e+00 1.112198233604431152e+00 1.196953058242797852e+00 1.372868347167968750e+01
-1.477715849876403809e+00 7.648245334625244141e+00 1.166066765785217285e+00 7.648245334625244141e+00 2.260303020477294922e+00 1.246078610420227051e+00 1.166066765785217285e+00 1.246078610420227051e+00 1.404145812988281250e+01
-1.684171438217163086e+00 6.924109458923339844e+00 1.394259452819824219e+00 6.924109458923339844e+00 1.900432944297790527e+00 1.104237079620361328e+00 1.394259452819824219e+00 1.104237079620361328e+00 1.416659355163574219e+01
-1.747177004814147949e+00 6.540338516235351562e+00 1.388787388801574707e+00 6.540338516235351562e+00 1.707834243774414062e+00 1.064886569976806641e+00 1.388787388801574707e+00 1.064886569976806641e+00 1.409413528442382812e+01
-1.452160477638244629e+00 5.154575824737548828e+00 1.242129206657409668e+00 5.154575824737548828e+00 1.320227861404418945e+00 8.901040554046630859e-01 1.242129206657409668e+00 8.901040554046630859e-01 1.301814937591552734e+01
5.951826274394989014e-02 3.346686124801635742e+00 2.528575062751770020e-01 3.346686124801635742e+00 1.538994669914245605e+00 8.785147666931152344e-01 2.528575062751770020e-01 8.785147666931152344e-01 1.164416980743408203e+01
1.007700085639953613e+00 2.592010021209716797e+00 -2.574926614761352539e-01 2.592010021209716797e+00 1.694297909736633301e+00 9.524465799331665039e-01 -2.574926614761352539e-01 9.524465799331665039e-01 1.131989669799804688e+01
4.217776775360107422e+00 4.485805928707122803e-01 -2.401117324829101562e+00 4.485805928707122803e-01 2.415198326110839844e+00 1.577260851860046387e+00 -2.401117324829101562e+00 1.577260851860046387e+00 1.109744453430175781e+01
1.273471927642822266e+01 -4.756433010101318359e+00 -9.774267196655273438e+00 -4.756433010101318359e+00 4.955925941467285156e+00 5.299964904785156250e+00 -9.774267196655273438e+00 5.299964904785156250e+00 1.391727924346923828e+01
1.330676460266113281e+01 -5.116708755493164062e+00 -1.036545658111572266e+01 -5.116708755493164062e+00 5.209694385528564453e+00 5.728346824645996094e+00 -1.036545658111572266e+01 5.728346824645996094e+00 1.425356483459472656e+01
1.411098766326904297e+01 -5.770658969879150391e+00 -1.138841819763183594e+01 -5.770658969879150391e+00 5.706778049468994141e+00 6.617277145385742188e+00 -1.138841819763183594e+01 6.617277145385742188e+00 1.484124279022216797e+01
1.440945434570312500e+01 -6.072295665740966797e+00 -1.177877616882324219e+01 -6.072295665740966797e+00 5.957245826721191406e+00 7.053125381469726562e+00 -1.177877616882324219e+01 7.053125381469726562e+00 1.502982616424560547e+01
1.482129764556884766e+01 -6.828865051269531250e+00 -1.239047527313232422e+01 -6.828865051269531250e+00 6.886219978332519531e+00 8.244915962219238281e+00 -1.239047527313232422e+01 8.244915962219238281e+00 1.515390110015869141e+01
1.477909469604492188e+01 -7.042825698852539062e+00 -1.241712760925292969e+01 -7.042825698852539062e+00 7.269316196441650391e+00 8.616743087768554688e+00 -1.241712760925292969e+01 8.616743087768554688e+00 1.504921340942382812e+01
1.410330486297607422e+01 -7.951603889465332031e+00 -1.141199398040771484e+01 -7.951603889465332031e+00 9.324467658996582031e+00 9.950970649719238281e+00 -1.141199398040771484e+01 9.950970649719238281e+00 1.338445091247558594e+01
1.372215366363525391e+01 -9.283827781677246094e+00 -7.714032649993896484e+00 -9.283827781677246094e+00 1.324946308135986328e+01 1.067138004302978516e+01 -7.714032649993896484e+00 1.067138004302978516e+01 9.549759864807128906e+00
1.382610988616943359e+01 -9.438653945922851562e+00 -7.083191394805908203e+00 -9.438653945922851562e+00 1.381193828582763672e+01 1.056988906860351562e+01 -7.083191394805908203e+00 1.056988906860351562e+01 9.061021804809570312e+00
1.400295066833496094e+01 -9.585725784301757812e+00 -6.401135921478271484e+00 -9.585725784301757812e+00 1.436787128448486328e+01 1.043788433074951172e+01 -6.401135921478271484e+00 1.043788433074951172e+01 8.599703788757324219e+00
1.498398685455322266e+01 -1.006146907806396484e+01 -4.036748409271240234e+00 -1.006146907806396484e+01 1.592694759368896484e+01 9.893596649169921875e+00 -4.036748409271240234e+00 9.893596649169921875e+00 7.350829601287841797e+00
1.863999176025390625e+01 -1.052394008636474609e+01 3.128653526306152344e+00 -1.052394008636474609e+01 1.711477851867675781e+01 6.261176586151123047e+00 3.128653526306152344e+00 6.261176586151123047e+00 5.366988182067871094e+00
1.878638267517089844e+01 -1.037575626373291016e+01 3.729794263839721680e+00 -1.037575626373291016e+01 1.683589172363281250e+01 5.829322338104248047e+00 3.729794263839721680e+00 5.829322338104248047e+00 5.184244632720947266e+00
1.789551162719726562e+01 -9.035261154174804688e+00 5.668699741363525391e+00 -9.035261154174804688e+00 1.397063636779785156e+01 4.230077743530273438e+00 5.668699741363525391e+00 4.230077743530273438e+00 3.999910116195678711e+00
1.650869560241699219e+01 -8.137925148010253906e+00 5.739159107208251953e+00 -8.137925148010253906e+00 1.248999881744384766e+01 3.839614152908325195e+00 5.739159107208251953e+00 3.839614152908325195e+00 3.367804288864135742e+00
6.342422008514404297e+00 -3.255897760391235352e+00 2.750573635101318359e+00 -3.255897760391235352e+00 4.808030128479003906e+00 3.108691930770874023e+00 2.750573635101318359e+00 3.108691930770874023e+00 6.461924314498901367e-02
3.514751672744750977e+00 -1.790751338005065918e+00 1.221089839935302734e+00 -1.790751338005065918e+00 3.389028787612915039e+00 2.775031089782714844e+00 1.221089839935302734e+00 2.775031089782714844e+00 -9.755890965461730957e-01
3.114473581314086914e+00 -1.444191098213195801e+00 9.276120066642761230e-01 -1.444191098213195801e+00 3.296572446823120117e+00 2.630884170532226562e+00 9.276120066642761230e-01 2.630884170532226562e+00 -1.163649082183837891e+00
3.204971313476562500e+00 -9.137440323829650879e-01 7.643993496894836426e-01 -9.137440323829650879e-01 3.533529043197631836e+00 2.292135000228881836e+00 7.643993496894836426e-01 2.292135000228881836e+00 -1.450515866279602051e+00
3.319789886474609375e+00 -7.524454593658447266e-01 7.908845543861389160e-01 -7.524454593658447266e-01 3.626358270645141602e+00 2.174254179000854492e+00 7.908845543861389160e-01 2.174254179000854492e+00 -1.512710928916931152e+00
3.463329315185546875e+00 -6.071975231170654297e-01 8.158341646194458008e-01 -6.071975231170654297e-01 3.725726842880249023e+00 2.031281232833862305e+00 8.158341646194458008e-01 2.031281232833862305e+00 -1.543374896049499512e+00
5.979112625122070312e+00 5.311580896377563477e-01 2.684091329574584961e+00 5.311580896377563477e-01 2.312843322753906250e+00 -2.986480712890625000e+00 2.684091329574584961e+00 -2.986480712890625000e+00 2.034384727478027344e+00
5.964118003845214844e+00 4.194908440113067627e-01 2.781841993331909180e+00 4.194908440113067627e-01 2.063989877700805664e+00 -3.362383127212524414e+00 2.781841993331909180e+00 -3.362383127212524414e+00 2.535437107086181641e+00
4.875690937042236328e+00 -2.419667392969131470e-01 3.354401111602783203e+00 -2.419667392969131470e-01 4.048373699188232422e-01 -6.163480758666992188e+00 3.354401111602783203e+00 -6.163480758666992188e+00 1.072899532318115234e+01
4.700838565826416016e+00 -2.410728037357330322e-01 3.307670116424560547e+00 -2.410728037357330322e-01 3.246128559112548828e-01 -6.231380462646484375e+00 3.307670116424560547e+00 -6.231380462646484375e+00 1.160612392425537109e+01
4.117371082305908203e+00 -2.324961572885513306e-01 3.020026445388793945e+00 -2.324961572885513306e-01 2.859998494386672974e-03 -6.158163070678710938e+00 3.020026445388793945e+00 -6.158163070678710938e+00 1.408822536468505859e+01
3.250147342681884766e+00 -1.461986154317855835e-01 2.503252983093261719e+00 -1.461986154317855835e-01 -7.350160479545593262e-01 -5.442337036132812500e+00 2.503252983093261719e+00 -5.442337036132812500e+00 1.671312522888183594e+01
2.754133939743041992e+00 2.054451219737529755e-02 2.178264856338500977e+00 2.054451219737529755e-02 -1.079919695854187012e+00 -4.867254734039306641e+00 2.178264856338500977e+00 -4.867254734039306641e+00 1.741522979736328125e+01
7.123816609382629395e-01 7.780431509017944336e-01 8.227974772453308105e-01 7.780431509017944336e-01 -2.664518117904663086e+00 -1.788896918296813965e+00 8.227974772453308105e-01 -1.788896918296813965e+00 1.555352020263671875e+01
-8.578865975141525269e-02 8.495097160339355469e-01 4.980970621109008789e-01 8.495097160339355469e-01 -3.574712991714477539e+00 3.663168847560882568e-02 4.980970621109008789e-01 3.663168847560882568e-02 1.151227474212646484e+01
1.105924770236015320e-01 6.726685166358947754e-01 3.042167723178863525e-01 6.726685166358947754e-01 -4.043653011322021484e+00 2.627342224121093750e+00 3.042167723178863525e-01 2.627342224121093750e+00 3.468140602111816406e+00
5.111171603202819824e-01 6.503169536590576172e-01 2.503863871097564697e-01 6.503169536590576172e-01 -4.005551815032958984e+00 2.970403671264648438e+00 2.503863871097564697e-01 2.970403671264648438e+00 2.066499710083007812e+00
1.828263044357299805e+00 5.247421264648437500e-01 -1.809868961572647095e-02 5.247421264648437500e-01 -2.873522043228149414e+00 4.031547546386718750e+00 -1.809868961572647095e-02 4.031547546386718750e+00 -6.188555955886840820e-01
4.010260105133056641e+00 8.342558145523071289e-01 -3.006036877632141113e-01 8.342558145523071289e-01 -2.983549535274505615e-01 5.981669902801513672e+00 -3.006036877632141113e-01 5.981669902801513672e+00 -4.420802295207977295e-01
7.403051853179931641e+00 2.675161361694335938e+00 -4.659600257873535156e-01 2.675161361694335938e+00 4.440569400787353516e+00 8.586779594421386719e+00 -4.659600257873535156e-01 8.586779594421386719e+00 2.819861173629760742e+00
7.693479061126708984e+00 2.856307744979858398e+00 -4.143357872962951660e-01 2.856307744979858398e+00 4.567742824554443359e+00 8.622229576110839844e+00 -4.143357872962951660e-01 8.622229576110839844e+00 2.881126165390014648e+00
8.004862785339355469e+00 3.001915693283081055e+00 -3.126916587352752686e-01 3.001915693283081055e+00 4.670233249664306641e+00 8.594964981079101562e+00 -3.126916587352752686e-01 8.594964981079101562e+00 2.901298999786376953e+00
9.638404846191406250e+00 3.372241973876953125e+00 5.299191474914550781e-01 3.372241973876953125e+00 4.455344676971435547e+00 7.971863746643066406e+00 5.299191474914550781e-01 7.971863746643066406e+00 2.695579528808593750e+00
1.181895732879638672e+01 4.078312397003173828e+00 1.911281108856201172e+00 4.078312397003173828e+00 3.771866798400878906e+00 6.900196075439453125e+00 1.911281108856201172e+00 6.900196075439453125e+00 1.385877370834350586e+00
1.387066555023193359e+01 4.718826293945312500e+00 3.713613748550415039e+00 4.718826293945312500e+00 2.006579875946044922e+00 4.596301555633544922e+00 3.713613748550415039e+00 4.596301555633544922e+00 -1.768338322639465332e+00
1.241822052001953125e+01 4.403279304504394531e+00 3.946067571640014648e+00 4.403279304504394531e+00 -1.156682800501585007e-02 1.748498082160949707e+00 3.946067571640014648e+00 1.748498082160949707e+00 -5.393056392669677734e+00
1.138607311248779297e+01 4.088965415954589844e+00 3.672565698623657227e+00 4.088965415954589844e+00 -5.808087587356567383e-01 9.119348526000976562e-01 3.672565698623657227e+00 9.119348526000976562e-01 -6.327505111694335938e+00
9.537226676940917969e+00 3.618678331375122070e+00 3.058964967727661133e+00 3.618678331375122070e+00 -1.235849022865295410e+00 -3.525345623493194580e-01 3.058964967727661133e+00 -3.525345623493194580e-01 -7.526247978210449219e+00
5.318965911865234375e+00 1.631857395172119141e+00 1.157071590423583984e+00 1.631857395172119141e+00 -2.752831220626831055e+00 -2.753878831863403320e+00 1.157071590423583984e+00 -2.753878831863403320e+00 -8.971981048583984375e+00
4.014597892761230469e+00 6.745800375938415527e-01 -9.789773076772689819e-02 6.745800375938415527e-01 -2.757129669189453125e+00 -3.697342157363891602e+00 -9.789773076772689819e-02 -3.697342157363891602e+00 -8.837909698486328125e+00
3.799552202224731445e+00 -1.513632416725158691e+00 -1.326880216598510742e+00 -1.513632416725158691e+00 -1.895599484443664551e+00 -3.474627256393432617e+00 -1.326880216598510742e+00 -3.474627256393432617e+00 -6.479791164398193359e+00
4.116256713867187500e+00 -1.969055652618408203e+00 -1.503161072731018066e+00 -1.969055652618408203e+00 -1.506199121475219727e+00 -3.292575836181640625e+00 -1.503161072731018066e+00 -3.292575836181640625e+00 -5.606759071350097656e+00
5.545133113861083984e+00 -3.459796667098999023e+00 -1.439053177833557129e+00 -3.459796667098999023e+00 8.543878793716430664e-02 -2.653095483779907227e+00 -1.439053177833557129e+00 -2.653095483779907227e+00 -2.215237140655517578e+00
6.096795558929443359e+00 -4.169203758239746094e+00 -1.214442729949951172e+00 -4.169203758239746094e+00 6.690945625305175781e-01 -2.317970752716064453e+00 -1.214442729949951172e+00 -2.317970752716064453e+00 -7.262756228446960449e-01
6.721472740173339844e+00 -4.983355522155761719e+00 -8.966646194458007812e-01 -4.983355522155761719e+00 1.273253440856933594e+00 -1.987460613250732422e+00 -8.966646194458007812e-01 -1.987460613250732422e+00 8.876307606697082520e-01
9.113138198852539062e+00 -7.094967365264892578e+00 3.673127293586730957e-01 -7.094967365264892578e+00 3.288402080535888672e+00 -1.355119705200195312e+00 3.673127293586730957e-01 -1.355119705200195312e+00 6.047876358032226562e+00
1.046998214721679688e+01 -8.127163887023925781e+00 1.051420807838439941e+00 -8.127163887023925781e+00 4.214278221130371094e+00 -1.392827749252319336e+00 1.051420807838439941e+00 -1.392827749252319336e+00 8.585537910461425781e+00
1.174387454986572266e+01 -9.225852012634277344e+00 1.850210785865783691e+00 -9.225852012634277344e+00 5.376641750335693359e+00 -1.500362634658813477e+00 1.850210785865783691e+00 -1.500362634658813477e+00 1.076542282104492188e+01
1.288784122467041016e+01 -1.006354999542236328e+01 2.518339633941650391e+00 -1.006354999542236328e+01 6.499739170074462891e+00 -1.927033901214599609e+00 2.518339633941650391e+00 -1.927033901214599609e+00 1.237944507598876953e+01
1.406103038787841797e+01 -1.096541023254394531e+01 3.094814062118530273e+00 -1.096541023254394531e+01 7.028541564941406250e+00 -2.202253580093383789e+00 3.094814062118530273e+00 -2.202253580093383789e+00 1.347708606719970703e+01
1.509655952453613281e+01 -1.215127277374267578e+01 3.832654476165771484e+00 -1.215127277374267578e+01 8.686182022094726562e+00 -3.164781570434570312e+00 3.832654476165771484e+00 -3.164781570434570312e+00 1.353911781311035156e+01
1.198880386352539062e+01 -1.119657611846923828e+01 1.790918946266174316e+00 -1.119657611846923828e+01 8.683097839355468750e+00 -2.745248556137084961e+00 1.790918946266174316e+00 -2.745248556137084961e+00 8.941605567932128906e+00
1.033613204956054688e+01 -1.057895565032958984e+01 9.790984392166137695e-01 -1.057895565032958984e+01 8.402427673339843750e+00 -1.796497821807861328e+00 9.790984392166137695e-01 -1.796497821807861328e+00 6.793829917907714844e+00
7.353599071502685547e+00 -9.618123054504394531e+00 -2.580225467681884766e-02 -9.618123054504394531e+00 8.257419586181640625e+00 1.153744578361511230e+00 -2.580225467681884766e-02 1.153744578361511230e+00 2.401968240737915039e+00
6.404090881347656250e+00 -9.282818794250488281e+00 -4.123594462871551514e-01 -9.282818794250488281e+00 8.645768165588378906e+00 2.671718597412109375e+00 -4.123594462871551514e-01 2.671718597412109375e+00 6.313519477844238281e-01
5.682819843292236328e+00 -9.149201393127441406e+00 -2.585659548640251160e-02 -9.149201393127441406e+00 9.511104583740234375e+00 5.071334362030029297e+00 -2.585659548640251160e-02 5.071334362030029297e+00 -1.753580451011657715e+00
5.590371608734130859e+00 -9.130580902099609375e+00 4.739281237125396729e-01 -9.130580902099609375e+00 9.797058105468750000e+00 6.176205635070800781e+00 4.739281237125396729e-01 6.176205635070800781e+00 -2.817476034164428711e+00
5.752727508544921875e+00 -8.959395408630371094e+00 1.244927287101745605e+00 -8.959395408630371094e+00 9.532378196716308594e+00 7.018928050994873047e+00 1.244927287101745605e+00 7.018928050994873047e+00 -3.251474618911743164e+00
3.718147277832031250e+00 -6.380377769470214844e+00 2.620259761810302734e+00 -6.380377769470214844e+00 4.658336162567138672e+00 6.759449958801269531e+00 2.620259761810302734e+00 6.759449958801269531e+00 -4.819276332855224609e+00
3.238473415374755859e+00 -5.997978687286376953e+00 2.617282867431640625e+00 -5.997978687286376953e+00 3.989540100097656250e+00 6.633592605590820312e+00 2.617282867431640625e+00 6.633592605590820312e+00 -5.111001491546630859e+00
1.675237894058227539e+00 -4.802532672882080078e+00 2.544759750366210938e+00 -4.802532672882080078e+00 2.092790365219116211e+00 5.997691154479980469e+00 2.544759750366210938e+00 5.997691154479980469e+00 -5.886993408203125000e+00
-1.243226900696754456e-01 -3.512170791625976562e+00 2.386572122573852539e+00 -3.512170791625976562e+00 9.254068136215209961e-02 5.484250068664550781e+00 2.386572122573852539e+00 5.484250068664550781e+00 -6.831394195556640625e+00
